tree
version=v4
num_class=1
num_tree_per_iteration=1
label_index=0
max_feature_idx=17
objective=lambdarank
feature_names=grid_pos quali_gap_s grid_quali_diff driver_last3_avg_finish team_last3_avg_finish mean_air_temp mean_track_temp mean_wind_speed mean_wind_dir wind_sin wind_cos is_wet_flag start_compound start_soft start_medium start_hard start_inter start_wet
feature_infos=[0:20] [0:40.24499999999999] [-20:18] [1:20] [1:20] [9.5:36.565853658536589] [15.205755395683452:54.525619834710746] [0.27150259067357513:5.4870588235294111] [60.141304347826086:315.96296296296299] [-0.99994152714219187:0.99999922291484611] [-0.99999472809688028:0.71889061023724699] [0:1] -1:5:2:4:7:1:9:3:6:0 [0:1] [0:1] [0:1] none [0:1]
tree_sizes=972 875 992 877 885 981 887 979 886 878 883 994 880 984 992 885 880 988 984 883 987 986 885 987 994 890 994 881 999 894 996

Tree=0
num_leaves=8
num_cat=0
split_feature=1 3 1 1 4 3 4
split_gain=252.944 33.3155 14.2745 12.0805 6.95726 3.75551 0.997125
threshold=0.71000000000000452 4.416666666666667 0.41699999999999454 1.1395000000000055 9.5000000000000018 10.071271929824563 3.1666666666666674
decision_type=2 2 2 2 2 2 2
left_child=2 6 5 -3 -4 -1 -2
right_child=1 3 4 -5 -6 -7 -8
leaf_value=0.13379172814619289 0.11006419051987135 -0.065946269593948489 0.068681197905695435 -0.14601009956442476 -0.061171020080535488 0.052173664716393973 0.04052551290553455
leaf_weight=54.018152909411583 3.3501857719384125 17.799007993293344 13.079617472831162 50.29680202214513 3.6323696484323582 4.2862981325015417 2.5911391691770405
leaf_count=495 46 474 217 1790 96 75 54
internal_value=0.000589807 -0.108623 0.108377 -0.12513 0.0403851 0.127828 0.0801738
internal_weight=149.054 74.0371 75.0164 68.0958 16.712 58.3045 5.94132
internal_count=3247 2364 883 2264 313 570 100
is_linear=0
shrinkage=0.083308


Tree=1
num_leaves=7
num_cat=0
split_feature=0 3 0 3 1 8
split_gain=232.33 56.0135 42.7541 31.3974 23.3335 10.2636
threshold=3.5000000000000004 1.8333333333333337 6.5000000000000009 3.5000000000000004 0.20750000000000315 118.27519914215688
decision_type=2 2 2 2 2 2
left_child=3 -2 -3 4 -1 -5
right_child=1 2 -4 5 -6 -7
leaf_value=0.10679937834269869 0.10772363090764381 -0.030391512888238013 -0.11118356364715463 -0.026983729312718734 0.021734162887033798 0.035820574733366549
leaf_weight=86.696896933019161 11.929845986887811 76.875468066660687 111.32653474272229 21.51829266641289 30.191779693588614 111.54141263663769
leaf_count=132 20 482 2215 71 72 255
internal_value=-0.000210831 -0.0670942 -0.0781946 0.0533442 0.0848412 0.0256593
internal_weight=450.08 200.132 188.202 249.948 116.889 133.06
internal_count=3247 2717 2697 530 204 326
is_linear=0
shrinkage=0.083308


Tree=2
num_leaves=8
num_cat=0
split_feature=1 0 4 3 3 11 0
split_gain=225.165 43.4467 21.9517 16.2482 12.9352 8.73181 6.2915
threshold=0.76749999999999841 2.5000000000000004 8.5000000000000018 1.1666666666666667 3.5000000000000004 1.0000000180025095e-35 12.500000000000002
decision_type=2 2 2 2 2 2 2
left_child=1 4 5 -3 -1 -2 -4
right_child=2 3 6 -5 -6 -7 -8
leaf_value=0.090485116733710902 -0.067904373254610947 0.1156013694566886 -0.089292225094584121 -0.0099095016721858775 0.043647395681988707 0.017311792542562675 -0.13339457976481778
leaf_weight=91.651562176644802 22.171950473450124 7.7279040440917006 42.023362255655229 91.634899710305035 74.136482311412692 13.348359779454766 49.240765146911144
leaf_count=149 312 10 775 602 173 123 1103
internal_value=-0.000209873 0.0434526 -0.0915096 -0.000108695 0.0695548 -0.0358958 -0.113132
internal_weight=391.935 265.151 126.784 99.3628 165.788 35.5203 91.2641
internal_count=3247 934 2313 612 322 435 1878
is_linear=0
shrinkage=0.083308


Tree=3
num_leaves=7
num_cat=0
split_feature=0 3 1 1 3 3
split_gain=200.59 58.2566 28.5593 10.8709 7.71536 7.43011
threshold=4.5000000000000009 2.5000000000000004 0.026499999999998639 1.4065000000000014 1.1666666666666667 2.5000000000000004
decision_type=2 2 2 2 2 2
left_child=2 -2 5 -3 -4 -1
right_child=1 3 4 -5 -6 -7
leaf_value=0.11377327585313247 0.1087188236370677 -0.070283758075896888 0.093697417814957218 -0.11895942091313201 0.016868486980660669 0.065390624048749443
leaf_weight=35.619685836136341 10.561874002218245 64.096678305417299 9.8162424564361555 63.759397469460964 114.85161349456757 58.362823378294706
leaf_count=58 33 1040 18 1478 506 114
internal_value=-0.000581538 -0.0790469 0.0490964 -0.0945847 0.0229438 0.0837652
internal_weight=357.068 138.418 218.65 127.856 124.668 93.9825
internal_count=3247 2551 696 2518 524 172
is_linear=0
shrinkage=0.083308


Tree=4
num_leaves=7
num_cat=0
split_feature=0 3 3 0 0 2
split_gain=209.017 25.4528 19.8859 8.94754 8.6709 7.81196
threshold=4.5000000000000009 2.5000000000000004 3.5000000000000004 7.5000000000000009 2.5000000000000004 -1.0000000180025095e-35
decision_type=2 2 2 2 2 10
left_child=2 -2 4 -3 -1 -4
right_child=1 3 5 -5 -6 -7
leaf_value=0.094969796803545031 0.046946712489866822 -0.05277256042599586 -0.023630920942455527 -0.10351373080459683 0.031184857238445305 0.039510583466095636
leaf_weight=76.177969139069319 10.138752628117798 32.871924005914479 16.276750465855002 91.915407453663647 18.411244671791792 81.966108977794647
leaf_count=156 34 473 119 2033 85 328
internal_value=-0.000333753 -0.0798537 0.0553116 -0.0901668 0.0825714 0.0290444
internal_weight=327.758 134.926 192.832 124.787 94.5892 98.2429
internal_count=3228 2540 688 2506 241 447
is_linear=0
shrinkage=0.083308


Tree=5
num_leaves=8
num_cat=0
split_feature=0 3 4 1 0 3 5
split_gain=161.85 29.2741 12.7378 8.60669 8.11746 6.92489 3.71561
threshold=3.5000000000000004 5.416666666666667 9.8333333333333339 1.2359999999999973 1.5000000000000002 1.8333333333333337 23.547830131750985
decision_type=2 2 2 2 2 2 2
left_child=2 5 4 -3 -1 -2 -4
right_child=1 3 6 -5 -6 -7 -8
leaf_value=0.081628481919275089 0.066371856984393254 -0.059007774341491182 -0.069242024101774644 -0.10683981561483687 0.043294174500113018 -0.02013955987176597 0.023581509837788856
leaf_weight=75.150899074971676 8.3596217110753042 44.996120234020054 6.5319084189832193 62.781193177215755 78.586684994399548 27.264641903340816 5.4713871525600553
leaf_count=157 18 755 52 1635 281 293 37
internal_value=-0.000468505 -0.0652636 0.0555953 -0.0868973 0.062048 0.000208876 -0.0269881
internal_weight=309.142 143.402 165.741 107.777 153.738 35.6243 12.0033
internal_count=3228 2701 527 2390 438 311 89
is_linear=0
shrinkage=0.083308


Tree=6
num_leaves=7
num_cat=0
split_feature=4 3 3 10 6 4
split_gain=106.691 26.1183 5.77787 4.39248 2.66929 2.50523
threshold=9.8333333333333339 3.5000000000000004 1.1666666666666667 -0.99889547030706827 31.738770830415913 14.41098484848485
decision_type=2 2 2 2 2 2
left_child=1 2 -1 -2 -3 -5
right_child=3 4 -4 5 -6 -7
leaf_value=0.098223880173518005 -0.0032232523630376791 -0.014131368865996976 0.051424159731869597 -0.074418688618975798 0.013310411105537899 -0.10617612887343057
leaf_weight=24.638467706739902 4.7639227099716654 37.282822265289724 71.948108537122607 49.452459496445954 72.151224262081087 27.05598811712116
leaf_count=53 70 352 277 1100 660 716
internal_value=-5.59287e-05 0.0318307 0.0633953 -0.0808644 0.00395972 -0.0856949
internal_weight=287.293 206.021 96.5866 81.2724 109.434 76.5084
internal_count=3228 1342 330 1886 1012 1816
is_linear=0
shrinkage=0.083308


Tree=7
num_leaves=8
num_cat=0
split_feature=0 3 1 1 3 4 3
split_gain=120.413 20.8964 10.2158 7.95661 4.23571 3.8949 3.80781
threshold=3.5000000000000004 5.416666666666667 0.026499999999998639 1.1395000000000055 1.8333333333333337 2.5000000000000004 1.1666666666666667
decision_type=2 2 2 2 2 2 2
left_child=2 4 5 -3 -2 -1 -4
right_child=1 3 6 -5 -6 -7 -8
leaf_value=0.10098719284518674 0.052137032036391522 -0.048771768462036014 0.08071631477580038 -0.098108495595884818 -0.018538060024002496 0.05968344569781478 0.023094201095231876
leaf_weight=24.20823485404253 7.5455939620733252 37.286341831088066 8.9991479441523534 58.428052791394293 26.258109552785754 46.691107098013163 67.460745988413692
leaf_count=56 18 663 19 1727 293 117 335
internal_value=-0.0004437 -0.0590356 0.0510562 -0.0789151 -0.00272249 0.0738316 0.0299118
internal_weight=276.877 129.518 147.359 95.7144 33.8037 70.8993 76.4599
internal_count=3228 2701 527 2390 311 173 354
is_linear=0
shrinkage=0.083308


Tree=8
num_leaves=7
num_cat=0
split_feature=0 0 3 2 1 6
split_gain=106.22 21.5235 11.5563 6.56594 2.90598 2.48437
threshold=6.5000000000000009 2.5000000000000004 1.1666666666666667 -1.0000000180025095e-35 0.50349999999999551 40.205612121212134
decision_type=2 2 2 10 2 2
left_child=1 3 -2 -1 -4 -3
right_child=2 5 4 -5 -6 -7
leaf_value=0.0027864896333052985 0.1077794703368251 -0.012691977240068771 -0.029412215191126721 0.065848917787101446 -0.087516625797001077 0.020456285250789397
leaf_weight=12.944555353373287 2.2399982511997214 43.392021524719894 6.5504252687096587 100.00400884449482 73.931299488060176 24.531969635747373
leaf_count=81 4 422 87 285 2152 224
internal_value=0.000581691 0.036345 -0.0775967 0.0586249 -0.0828031 -0.000715276
internal_weight=263.594 180.873 82.7217 112.949 80.4817 67.924
internal_count=3255 1012 2243 366 2239 646
is_linear=0
shrinkage=0.083308


Tree=9
num_leaves=7
num_cat=0
split_feature=0 4 0 3 3 4
split_gain=84.0839 19.2657 5.87421 5.47655 4.5593 3.70454
threshold=3.5000000000000004 5.416666666666667 8.5000000000000018 1.1666666666666667 1.8333333333333337 10.16666666666667
decision_type=2 2 2 2 2 2
left_child=3 4 -3 -1 -2 -5
right_child=1 2 -4 5 -6 -7
leaf_value=0.086058337647818145 0.061659704158301756 -0.042682265649410175 -0.088534367948737383 0.042868203141533327 -0.013195779447540877 -0.011821063128057547
leaf_weight=19.607389979064465 7.4686902835965183 30.345623613800853 54.267360493540764 105.08086672984064 22.772487633861601 9.3463844154030067
leaf_count=51 20 592 1829 394 287 82
internal_value=0.000574701 -0.0517254 -0.0721157 0.0453925 0.00534387 0.0383988
internal_weight=248.889 114.854 84.613 134.035 30.2412 114.427
internal_count=3255 2728 2421 527 307 476
is_linear=0
shrinkage=0.083308


Tree=10
num_leaves=7
num_cat=0
split_feature=0 1 3 4 6 1
split_gain=71.9359 16.0845 9.1854 4.46583 4.07296 2.33185
threshold=6.5000000000000009 0.046499999999994664 1.8333333333333337 9.5000000000000018 30.082874007011942 1.2449999999999977
decision_type=2 2 2 2 2 2
left_child=1 4 -2 -3 -1 -4
right_child=2 3 5 -5 -6 -7
leaf_value=0.028466208232638311 0.057088181116698083 0.016788987973287501 -0.055808836613880947 -0.03295678007179554 0.075134549999113287 -0.088467714043390822
leaf_weight=17.870685633271933 3.7259042859077445 86.019620097242296 23.859549451153725 14.62289605103433 48.005022574216127 43.095644251909107
leaf_count=53 11 581 605 231 147 1627
internal_value=0.000616991 0.0305066 -0.0697794 0.00955173 0.0624974 -0.0768668
internal_weight=237.199 166.518 70.6811 100.643 65.8757 66.9552
internal_count=3255 1012 2243 812 200 2232
is_linear=0
shrinkage=0.083308


Tree=11
num_leaves=8
num_cat=0
split_feature=0 4 4 0 2 1 0
split_gain=62.292 13.5322 4.90664 5.64516 4.73559 4.05087 4.00992
threshold=3.5000000000000004 7.5000000000000009 3.5000000000000004 1.5000000000000002 -1.0000000180025095e-35 0.41049999999999193 12.500000000000002
decision_type=2 2 2 2 10 2 2
left_child=2 5 3 -1 -4 -2 -3
right_child=1 6 4 -5 -6 -7 -8
leaf_value=0.081632048034021715 0.025785703050213198 -0.052786394833672819 -0.024359654902741737 0.029233806251542795 0.035007691693991254 -0.029779590521795438 -0.094978014531646796
leaf_weight=31.816434398293495 14.837329979985951 36.892962307203561 11.245126709342001 25.962622586637735 53.937768260017037 23.448085485491902 27.386825828813016
leaf_count=92 115 1018 88 111 236 415 1180
internal_value=0.000466142 -0.0474637 0.0404477 0.0581209 0.0247579 -0.00824142 -0.0708065
internal_weight=225.527 102.565 122.962 57.7791 65.1829 38.2854 64.2798
internal_count=3255 2728 527 203 324 530 2198
is_linear=0
shrinkage=0.083308


Tree=12
num_leaves=7
num_cat=0
split_feature=1 3 1 0 6 6
split_gain=51.7246 13.1242 6.7252 6.67936 4.0118 2.72254
threshold=0.53949999999999687 2.1666666666666674 1.0775000000000008 1.5000000000000002 37.548330263965632 37.548330263965632
decision_type=2 2 2 2 2 2
left_child=3 -2 -3 4 -1 -5
right_child=1 2 -4 5 -6 -7
leaf_value=0.074351550503228975 0.073938053868932443 -0.030081980208796228 -0.079323501541051472 0.0054154114156848687 0.024947112684195971 0.037026924645714915
leaf_weight=32.293176434934139 5.4668288715183726 32.700862430967391 46.997873120941222 47.633988352492452 17.706659436225891 31.335104947909713
leaf_count=96 31 629 1897 331 65 212
internal_value=-0.000199087 -0.0505718 -0.0591427 0.0330699 0.056887 0.0179704
internal_weight=214.134 85.1656 79.6987 128.969 49.9998 78.9691
internal_count=3261 2557 2526 704 161 543
is_linear=0
shrinkage=0.083308


Tree=13
num_leaves=8
num_cat=0
split_feature=1 0 3 1 4 6 3
split_gain=45.9323 11.6129 6.40777 6.0485 4.17706 2.1564 1.33383
threshold=0.53949999999999687 6.5000000000000009 2.1666666666666674 0.046499999999994664 2.5000000000000004 30.881640912435618 10.833333333333334
decision_type=2 2 2 2 2 2 2
left_child=3 2 -2 4 -1 -5 -3
right_child=1 6 -4 5 -6 -7 -8
leaf_value=0.083037342440185402 0.089365181983594569 -0.056530845915933894 -0.023184920894401051 0.036790817939558004 0.035553387734579528 0.0044459466234423196 -0.08446822297532168
leaf_weight=19.095096819102764 4.01040215417743 20.080814686138183 26.453582992777228 20.649756416678429 39.565394777804613 46.412752261385322 30.417800353839993
leaf_count=69 16 660 401 127 166 342 1480
internal_value=9.85124e-06 -0.0489166 -0.00827828 0.0315224 0.0510528 0.0144203 -0.0734082
internal_weight=206.686 80.9626 30.464 125.723 58.6605 67.0625 50.4986
internal_count=3261 2557 417 704 235 469 2140
is_linear=0
shrinkage=0.083308


Tree=14
num_leaves=8
num_cat=0
split_feature=0 4 2 1 0 6 3
split_gain=40.1458 9.67132 5.22947 5.12081 3.72757 3.2428 2.05651
threshold=3.5000000000000004 7.8333333333333348 -1.0000000180025095e-35 0.026499999999998639 12.500000000000002 30.082874007011942 3.5000000000000004
decision_type=2 2 10 2 2 2 2
left_child=3 2 -2 5 -3 -1 -5
right_child=1 4 -4 6 -6 -7 -8
leaf_value=0.018560174279714452 -0.092470841732999645 -0.046388599493574142 0.0011907376434643422 0.035540104685137949 -0.092265960328636404 0.066567722283528752 0.0046438949047401196
leaf_weight=13.479016579687594 4.6708604814484707 29.936429787892848 34.133068150375038 25.444395696744323 21.014755323063582 35.75160102173686 36.21553791128099
leaf_count=47 77 986 498 111 1169 125 248
internal_value=-0.00010081 -0.0415116 -0.0101604 0.0334198 -0.0653637 0.0534473 0.0174071
internal_weight=200.646 89.7551 38.8039 110.891 50.9512 49.2306 61.6599
internal_count=3261 2730 575 531 2155 172 359
is_linear=0
shrinkage=0.083308


Tree=15
num_leaves=7
num_cat=0
split_feature=1 4 4 13 1 1
split_gain=34.462 8.83268 5.84107 4.12909 3.89141 1.73733
threshold=0.45299999999999591 8.5000000000000018 1.1666666666666667 1.0000000180025095e-35 1.3864999999999983 0.046499999999994664
decision_type=2 2 2 2 2 2
left_child=2 3 -1 -2 -3 -4
right_child=1 4 5 -5 -6 -7
leaf_value=0.08013555540114331 0.023048930694976238 -0.038976350142795671 0.03451668428159603 -0.033175367901615002 -0.088785205907041087 0.012001069817425167
leaf_weight=14.296533185988663 14.752860152628271 20.054350684396923 46.787033181637526 23.39422312239185 24.034856637474149 48.460224352777004
leaf_count=53 175 642 203 452 1382 354
internal_value=-5.16304e-05 -0.0408 0.0305422 -0.0114301 -0.0661807 0.0230702
internal_weight=191.78 82.2363 109.544 38.1471 44.0892 95.2473
internal_count=3261 2651 610 627 2024 557
is_linear=0
shrinkage=0.083308


Tree=16
num_leaves=7
num_cat=0
split_feature=0 3 3 1 0 2
split_gain=29.631 9.58867 6.73254 5.18532 3.64324 2.29953
threshold=6.5000000000000009 1.8333333333333337 3.1666666666666674 1.0775000000000008 2.5000000000000004 10.500000000000002
decision_type=2 2 2 2 2 8
left_child=2 -2 4 -4 -1 -3
right_child=1 5 3 -5 -6 -7
leaf_value=0.061618875637094651 0.071444971988581824 -0.067677113449310405 0.012368443219532888 -0.073438047798621481 0.011906460015901194 0.069362394420649329
leaf_weight=32.91983275860548 3.8434285782277575 44.616608968470246 81.271107845008373 5.163808023557066 14.867730177938936 0.83807471208274265
leaf_count=143 11 2200 653 124 95 11
internal_value=0.000805409 -0.0544057 0.0210931 0.00721306 0.0461734 -0.0650963
internal_weight=183.521 49.2981 134.222 86.4349 47.7876 45.4547
internal_count=3237 2222 1015 777 238 2211
is_linear=0
shrinkage=0.083308


Tree=17
num_leaves=8
num_cat=0
split_feature=1 3 1 10 3 1 7
split_gain=26.237 7.63372 6.07556 5.89628 4.84145 3.94231 2.83506
threshold=0.45299999999999591 3.5000000000000004 1.4065000000000014 -0.78351045745782966 9.7057438794726938 0.046499999999994664 1.4348207686622323
decision_type=2 2 2 2 2 2 2
left_child=4 3 -3 -2 5 -1 -6
right_child=1 2 -4 -5 6 -7 -8
leaf_value=0.050488439365623479 0.076013447350849417 -0.028984422702670112 -0.083220384100891054 -0.038526206929989239 0.010131564384307777 0.016615526604103786 -0.088858415206331975
leaf_weight=46.057418722659349 6.5837878016754985 38.143551378045231 22.993362293578684 5.8658444453030807 4.4803188983350974 49.518512101843953 3.592061085626483
leaf_count=188 41 1030 1491 66 37 334 50
internal_value=0.000713882 -0.0373166 -0.0494202 0.0220918 0.0277178 0.0329518 -0.0341207
internal_weight=177.235 73.5865 61.1369 12.4496 103.648 95.5759 8.07238
internal_count=3237 2628 2521 107 609 522 87
is_linear=0
shrinkage=0.083308


Tree=18
num_leaves=8
num_cat=0
split_feature=1 3 0 1 4 9 10
split_gain=22.5491 6.79298 5.30536 2.9325 2.79922 2.3903 1.391
threshold=0.79749999999999599 4.166666666666667 2.5000000000000004 1.4065000000000014 3.5000000000000004 -0.90895504641592295 -0.78351045745782966
decision_type=2 2 2 2 2 2 2
left_child=2 6 4 -3 -1 -4 -2
right_child=1 3 5 -5 -6 -7 -8
leaf_value=0.052638402730973581 0.06469343532793502 -0.037031159890530858 0.047398586013548356 -0.081957219462367378 0.019061911087167201 -0.0069751400184333203 -0.010208580559236447
leaf_weight=32.547225318849087 3.5462865801528096 19.164860635064542 6.3571567805483928 21.49982109409757 36.717691873200238 45.788967719301581 3.293754023499786
leaf_count=152 32 718 61 1484 167 576 47
internal_value=0.000715394 -0.0479232 0.0197551 -0.0608367 0.0348589 -0.00031761 0.0287636
internal_weight=168.916 47.5047 121.411 40.6647 69.2649 52.1461 6.84004
internal_count=3237 2281 956 2202 319 637 79
is_linear=0
shrinkage=0.083308


Tree=19
num_leaves=7
num_cat=0
split_feature=1 1 3 5 7 3
split_gain=19.8782 5.59568 3.89219 3.34735 2.00324 1.11897
threshold=1.0775000000000008 0.11249999999999717 1.8333333333333337 20.956634867756922 4.0022271585860549 4.166666666666667
decision_type=2 2 2 2 2 2
left_child=1 3 -2 -1 -3 -4
right_child=2 4 5 -5 -6 -7
leaf_value=0.0054482217398249292 0.09909149933181198 -0.0016566069494934285 -0.0089497211485592316 0.050345110070274028 0.063525196091521172 -0.069882916900048331
leaf_weight=16.952762668021023 1.0046740211546445 76.899845370557159 2.2789075337350395 36.025131104514003 3.3808205076493314 27.112783254822716
leaf_count=82 4 1031 35 197 40 1848
internal_value=0.00111763 0.0149875 -0.0596327 0.035992 0.00111624 -0.0651756
internal_weight=163.655 133.259 30.3964 52.9779 80.2807 29.3917
internal_count=3237 1350 1887 279 1071 1883
is_linear=0
shrinkage=0.083308


Tree=20
num_leaves=8
num_cat=0
split_feature=0 4 3 1 3 0 0
split_gain=18.8233 5.74798 3.12431 2.72793 2.04538 1.9805 1.39601
threshold=3.5000000000000004 7.5000000000000009 3.5000000000000004 0.41049999999999193 11.570370370370371 12.500000000000002 2.5000000000000004
decision_type=2 2 2 2 2 2 2
left_child=2 3 6 -2 -4 -3 -1
right_child=1 5 4 -5 -6 -7 -8
leaf_value=0.050072533729400667 0.021696947423534362 -0.041160918287859685 0.016621609622937308 -0.028052832333857622 -0.035144313253146715 -0.08093951261441526 0.011411427710230465
leaf_weight=30.639244854450226 13.109820542857053 24.486160875298083 44.054992244578898 18.260742676910013 5.9857862377539268 13.586780896177514 8.2515925019979459
leaf_count=159 117 1012 252 422 65 1165 52
internal_value=-0.00118872 -0.0336806 0.0241864 -0.00726121 0.0104081 -0.0554209 0.0418883
internal_weight=158.375 69.4435 88.9316 31.3706 50.0408 38.0729 38.8908
internal_count=3244 2716 528 539 317 2177 211
is_linear=0
shrinkage=0.083308


Tree=21
num_leaves=8
num_cat=0
split_feature=1 0 3 4 0 2 6
split_gain=16.5661 6.42621 2.50965 2.46139 2.12462 2.55316 0.711622
threshold=1.0775000000000008 3.5000000000000004 1.8333333333333337 1.1666666666666667 8.5000000000000018 -1.4999999999999998 27.23342931014221
decision_type=2 2 2 2 2 10 2
left_child=1 3 -3 -1 5 -2 -6
right_child=4 2 -4 -5 6 -7 -8
leaf_value=0.065445286997668911 -0.10657998991125783 0.041891838893803809 -0.022885208774955531 0.019769774410889236 -0.035863070237774422 0.0042984120634425634 -0.080338325463489124
leaf_weight=9.1544526461511833 1.861113562248647 4.6537415310740462 36.199861584696919 75.903958142735064 3.0290649803355363 5.9794537420384613 16.978650712175295
leaf_count=49 65 16 848 440 192 206 1428
internal_value=-0.00119184 0.011672 -0.0154752 0.0247118 -0.0592924 -0.0223961 -0.0736833
internal_weight=153.76 125.912 40.8536 85.0584 27.8483 7.84057 20.0077
internal_count=3244 1353 864 489 1891 271 1620
is_linear=0
shrinkage=0.083308


Tree=22
num_leaves=7
num_cat=0
split_feature=1 4 4 0 11 1
split_gain=13.5158 5.13067 2.77202 2.41142 1.71235 1.68054
threshold=0.68750000000000011 5.416666666666667 1.1666666666666667 3.5000000000000004 1.0000000180025095e-35 1.4065000000000014
decision_type=2 2 2 2 2 2
left_child=2 4 -1 -4 -2 -3
right_child=1 5 3 -5 -6 -7
leaf_value=0.056794340835116405 -0.01805483855142399 -0.037894864709690688 0.018343646659370754 -0.012089851124581811 0.052315244218200822 -0.075314593590013384
leaf_weight=9.9209577199071628 5.3820899096317572 17.746664729667827 70.827420346438885 24.224910565651953 4.274882048368454 15.922422609291969
leaf_count=53 105 759 407 401 52 1467
internal_value=-0.00118652 -0.0403142 0.0149713 0.0105857 0.0131765 -0.055654
internal_weight=148.299 43.3261 104.973 95.0523 9.65697 33.6691
internal_count=3244 2383 861 808 157 2226
is_linear=0
shrinkage=0.083308


Tree=23
num_leaves=8
num_cat=0
split_feature=1 4 1 4 6 1 13
split_gain=12.1267 4.00797 3.21964 2.31651 1.77211 1.6113 1.54719
threshold=0.68750000000000011 5.416666666666667 0.14749999999999377 2.5000000000000004 37.548330263965632 1.4924999999999964 1.0000000180025095e-35
decision_type=2 2 2 2 2 2 2
left_child=2 6 3 -1 -4 -3 -2
right_child=1 5 4 -5 -6 -7 -8
leaf_value=0.05718561483840643 0.037155715483611768 -0.036746674404172217 -0.014585552272886541 0.017791188502324241 0.016945715657504423 -0.074631055462149085 -0.030754237698597489
leaf_weight=14.166060844436286 5.4246610989794135 17.78943584673107 28.736924266442657 38.508828701451421 21.662490431219339 14.038600217434576 4.0234364690259081
leaf_count=86 64 836 339 228 208 1390 93
internal_value=-0.00125677 -0.0393936 0.0140238 0.0284183 -0.00103041 -0.0535236 0.00822932
internal_weight=144.35 41.2761 103.074 52.6749 50.3994 31.828 9.4481
internal_count=3244 2383 861 314 547 2226 157
is_linear=0
shrinkage=0.083308


Tree=24
num_leaves=8
num_cat=0
split_feature=1 0 3 7 11 3 0
split_gain=12.4907 4.43273 2.45292 2.40279 1.23324 1.50518 0.295115
threshold=1.0775000000000008 3.5000000000000004 1.1666666666666667 1.4861392405063294 1.0000000180025095e-35 3.5000000000000004 9.5000000000000018
decision_type=2 2 2 2 2 2 2
left_child=1 2 -1 -3 6 -6 -2
right_child=4 3 -4 -5 5 -7 -8
leaf_value=0.063324197783175967 -0.051989799200034409 -0.036814667967046015 0.016392034406181529 0.0063088908514704386 0.072497867040838881 -0.042697516429659875 -0.07813206957332508
leaf_weight=8.5954177305102331 4.6424028857145485 16.698732979595661 74.513532780110836 19.299016794189811 0.87352284416556258 5.8981519404333085 10.750814396888016
leaf_count=52 234 409 449 443 11 463 1189
internal_value=7.00816e-06 0.0106975 0.0212718 -0.0137126 -0.0573625 -0.0275256 -0.0703909
internal_weight=141.272 119.107 83.109 35.9977 22.1649 6.77167 15.3932
internal_count=3250 1353 501 852 1897 474 1423
is_linear=0
shrinkage=0.083308


Tree=25
num_leaves=7
num_cat=0
split_feature=1 3 3 3 9 1
split_gain=10.6712 4.67397 2.87145 0.890694 0.626868 0.254535
threshold=1.0775000000000008 1.1666666666666667 14.071180555555557 11.353448275862073 0.96301935190295229 6.7424999999999935
decision_type=2 2 2 2 2 2
left_child=1 -1 -3 4 -2 -5
right_child=3 2 -4 5 -6 -7
leaf_value=0.0643182476236272 -0.044363856739354363 0.0071743827371455971 -0.065787464512182522 -0.074975410831769784 0.022137918681395544 -0.015472804459361143
leaf_weight=9.8796931672841293 9.070023290463725 103.96281949151307 3.8466399759054175 10.091378785204139 1.0805014041252423 0.54775547003373581
leaf_count=57 574 1169 127 1203 80 40
internal_value=-0.000138835 0.0095855 0.00454951 -0.0551074 -0.0372303 -0.071976
internal_weight=138.479 117.689 107.809 20.7897 10.1505 10.6391
internal_count=3250 1353 1296 1897 654 1243
is_linear=0
shrinkage=0.083308


Tree=26
num_leaves=8
num_cat=0
split_feature=1 4 1 4 7 8 10
split_gain=9.9337 3.90173 2.57227 2.07237 1.83149 1.69003 1.22031
threshold=0.53949999999999687 8.5000000000000018 0.14749999999999377 2.5000000000000004 1.4223484848484851 149.76156604210044 -0.99954833599906079
decision_type=2 2 2 2 2 2 2
left_child=2 4 3 -1 -2 -4 -3
right_child=1 6 5 -5 -6 -7 -8
leaf_value=0.05702326828121642 -0.040595512020054542 0.065453967968448504 -0.025893218788294186 0.018271476641134491 0.010653326601862507 0.011349280568628597 -0.058988340395513997
leaf_weight=12.697509445250033 7.2930905092507627 0.53139800066128628 12.383434502407907 38.911153735592961 14.213424667017533 26.461118347011507 22.634929441614076
leaf_count=86 219 29 139 231 343 245 1958
internal_value=-0.000214557 -0.0323403 0.0156583 0.0278397 -0.00676539 -0.000536698 -0.0560344
internal_weight=135.126 44.6728 90.4532 51.6087 21.5065 38.8446 23.1663
internal_count=3250 2549 701 317 562 384 1987
is_linear=0
shrinkage=0.083308


Tree=27
num_leaves=7
num_cat=0
split_feature=0 3 2 0 2 2
split_gain=8.81454 3.97715 3.09367 2.349 1.92513 1.74845
threshold=5.5000000000000009 1.8333333333333337 -1.4999999999999998 1.5000000000000002 11.500000000000002 -3.4999999999999996
decision_type=2 2 10 2 10 10
left_child=2 -2 5 -4 -3 -1
right_child=1 4 3 -5 -6 -7
leaf_value=-0.098716898175241666 0.063105570667871175 -0.04747720770051958 0.034850931036137636 0.0065849544953049599 0.082460861501001279 0.001336545083563875
leaf_weight=2.5603812537156045 2.5561964474618426 31.374638783046976 30.790403232909739 60.420049529988319 0.77942173182964225 2.2711672638542941
leaf_count=55 12 2369 162 621 7 24
internal_value=-0.000315181 -0.036273 0.0126892 0.0161371 -0.0442367 -0.0520305
internal_weight=130.752 34.7103 96.042 91.2105 32.1541 4.83155
internal_count=3250 2388 862 783 2376 79
is_linear=0
shrinkage=0.083308


Tree=28
num_leaves=8
num_cat=0
split_feature=4 0 13 3 2 0 2
split_gain=7.80919 4.03927 2.27532 1.92298 1.80065 2.11863 0.0875709
threshold=9.8333333333333339 3.5000000000000004 1.0000000180025095e-35 1.8333333333333337 -2.4999999999999996 11.500000000000002 -11.499999999999998
decision_type=2 2 2 2 10 2 10
left_child=1 2 -1 -3 6 -6 -2
right_child=4 3 -4 -5 5 -7 -8
leaf_value=-0.0035033595244353222 -0.13013751220234196 0.035085197134050186 0.030536837096634788 -0.022581952928789832 -0.017822502005796131 -0.070647917951151037 -0.081716648039565479
leaf_weight=19.045755003578961 1.4129840959794822 4.6265445686876765 47.808765592984855 28.868359208805487 15.494236405473204 7.9768422760535023 0.6561433721799429
leaf_count=125 36 21 309 898 651 1109 96
internal_value=-0.00145468 0.00901597 0.0208427 -0.0145867 -0.0425484 -0.0358583 -0.116482
internal_weight=125.89 100.349 66.8545 33.4949 25.5402 23.4711 2.06913
internal_count=3245 1353 434 919 1892 1760 132
is_linear=0
shrinkage=0.083308


Tree=29
num_leaves=7
num_cat=0
split_feature=0 2 0 14 1 7
split_gain=7.18552 2.21229 2.95004 2.04846 1.72118 0.529004
threshold=7.5000000000000009 -1.4999999999999998 1.5000000000000002 1.0000000180025095e-35 0.41699999999999454 0.76090407833444262
decision_type=2 10 2 2 2 2
left_child=1 2 -1 -3 -2 -6
right_child=4 3 -4 -5 5 -7
leaf_value=-0.12859554704942244 0.0075979149912158523 0.013716280206986523 0.013890431811167668 -0.042638401032942169 -0.018989594847317832 -0.058573091218842965
leaf_weight=1.8364025359041978 3.8938232241198447 90.438467384083197 2.1705132727511227 4.6742349704727522 2.7762811677530435 16.738346582278609
leaf_count=45 58 1037 48 51 240 1766
internal_value=-0.00143801 0.0083694 -0.0519887 0.0109313 -0.0429139 -0.0529881
internal_weight=122.528 99.1196 4.00692 95.1127 23.4085 19.5146
internal_count=3245 1181 93 1088 2064 2006
is_linear=0
shrinkage=0.083308


Tree=30
num_leaves=8
num_cat=0
split_feature=0 4 2 13 4 1 0
split_gain=6.27046 2.40617 1.7257 1.57564 1.71152 1.51805 1.29117
threshold=3.5000000000000004 7.5000000000000009 -1.0000000180025095e-35 1.0000000180025095e-35 5.416666666666667 0.026499999999998639 13.500000000000002
decision_type=2 2 8 2 2 2 2
left_child=3 2 -2 4 -1 -5 -3
right_child=1 6 -4 5 -6 -7 -8
leaf_value=-0.026584345115949658 -0.07156922952678009 -0.031075562057072827 0.0016915470513302383 0.040317305281762944 0.022704869247154348 0.010905211764629091 -0.074450347467211186
leaf_weight=11.394275719299914 2.4453179533593357 18.201431625406261 22.081493416335437 19.597019361332059 8.50821355730295 32.182323629502207 6.4748335019685319
leaf_count=77 73 1145 470 122 65 262 1031
internal_value=-0.00131264 -0.0242038 -0.00570892 0.0144044 -0.0055104 0.0220576 -0.0425508
internal_weight=120.885 49.2031 24.5268 71.6818 19.9025 51.7793 24.6763
internal_count=3245 2719 543 526 142 384 2176
is_linear=0
shrinkage=0.083308


end of trees

feature_importances:
quali_gap_s=44
driver_last3_avg_finish=43
grid_pos=42
team_last3_avg_finish=28
grid_quali_diff=13
mean_track_temp=9
mean_wind_speed=5
wind_cos=4
start_soft=4
is_wet_flag=3
mean_air_temp=2
mean_wind_dir=2
wind_sin=2
start_medium=1

parameters:
[boosting: gbdt]
[objective: lambdarank]
[metric: ndcg]
[tree_learner: serial]
[device_type: cpu]
[data_sample_strategy: bagging]
[data: ]
[valid: ]
[num_iterations: 3000]
[learning_rate: 0.083308]
[num_leaves: 53]
[num_threads: 0]
[seed: 0]
[deterministic: 0]
[force_col_wise: 0]
[force_row_wise: 0]
[histogram_pool_size: -1]
[max_depth: 3]
[min_data_in_leaf: 38]
[min_sum_hessian_in_leaf: 0.001]
[bagging_fraction: 0.943606]
[pos_bagging_fraction: 1]
[neg_bagging_fraction: 1]
[bagging_freq: 4]
[bagging_seed: 3]
[bagging_by_query: 0]
[feature_fraction: 0.818779]
[feature_fraction_bynode: 1]
[feature_fraction_seed: 2]
[extra_trees: 0]
[extra_seed: 6]
[early_stopping_round: 0]
[early_stopping_min_delta: 0]
[first_metric_only: 0]
[max_delta_step: 0]
[lambda_l1: 8.44598e-06]
[lambda_l2: 0.0368515]
[linear_lambda: 0]
[min_gain_to_split: 0]
[drop_rate: 0.1]
[max_drop: 50]
[skip_drop: 0.5]
[xgboost_dart_mode: 0]
[uniform_drop: 0]
[drop_seed: 4]
[top_rate: 0.2]
[other_rate: 0.1]
[min_data_per_group: 100]
[max_cat_threshold: 32]
[cat_l2: 10]
[cat_smooth: 10]
[max_cat_to_onehot: 4]
[top_k: 20]
[monotone_constraints: ]
[monotone_constraints_method: basic]
[monotone_penalty: 0]
[feature_contri: ]
[forcedsplits_filename: ]
[refit_decay_rate: 0.9]
[cegb_tradeoff: 1]
[cegb_penalty_split: 0]
[cegb_penalty_feature_lazy: ]
[cegb_penalty_feature_coupled: ]
[path_smooth: 0]
[interaction_constraints: ]
[verbosity: -1]
[saved_feature_importance_type: 0]
[use_quantized_grad: 0]
[num_grad_quant_bins: 4]
[quant_train_renew_leaf: 0]
[stochastic_rounding: 1]
[linear_tree: 0]
[max_bin: 255]
[max_bin_by_feature: ]
[min_data_in_bin: 3]
[bin_construct_sample_cnt: 200000]
[data_random_seed: 1]
[is_enable_sparse: 1]
[enable_bundle: 1]
[use_missing: 1]
[zero_as_missing: 0]
[feature_pre_filter: 0]
[pre_partition: 0]
[two_round: 0]
[header: 0]
[label_column: ]
[weight_column: ]
[group_column: ]
[ignore_column: ]
[categorical_feature: 12]
[forcedbins_filename: ]
[precise_float_parser: 0]
[parser_config_file: ]
[objective_seed: 5]
[num_class: 1]
[is_unbalance: 0]
[scale_pos_weight: 1]
[sigmoid: 1]
[boost_from_average: 1]
[reg_sqrt: 0]
[alpha: 0.9]
[fair_c: 1]
[poisson_max_delta_step: 0.7]
[tweedie_variance_power: 1.5]
[lambdarank_truncation_level: 30]
[lambdarank_norm: 1]
[label_gain: ]
[lambdarank_position_bias_regularization: 0]
[eval_at: 3,10]
[multi_error_top_k: 1]
[auc_mu_weights: ]
[num_machines: 1]
[local_listen_port: 12400]
[time_out: 120]
[machine_list_filename: ]
[machines: ]
[gpu_platform_id: -1]
[gpu_device_id: -1]
[gpu_use_dp: 0]
[num_gpu: 1]

end of parameters

pandas_categorical:[["Hard", "Hypersoft", "Intermediate", "Medium", "Nan", "Soft", "Supersoft", "Ultrasoft", "Unknown", "Wet"]]
